9417554
10162856
10906922
10906936
10906994
10908882
10908883
10910400
10910411
10914364
10914438
10916370
10916412
10916445
10920165
10921934
10921939
10921968
10933906
10933928
10934043
10934081
10934166
10934966
10934978
10941966
10941967
10942696
10942955
10942967
10942995
10944640
10944668
10951273
10951281
10951333
10951378
10952935
10952970
10959769
10959771
10959790
10969121
10969129
10970025
10971320
10971325
11020159
11098723
14681277
14726399
14756749
14756794
14982668
14982721
15011957
15013712
15013721
15352197
15481365
15516948
15524921
15537589
15538701
15558302
15558346
15558368
15561435
15561623
15579196
15591968
15592030
15593472
15593485
15599283
15599354
15599466
15599567
15599585
15599586
15599593
15646439
15653065
15664040
15671844
15685308
15746225
15746311
15746350
15746419
15746506
15746522
15753540
15753612
15753637
15753855
15841092
15845052
15858321
15858411
15873026
15882746
15882747
15889229
15889304
15889379
15893508
15918577
15954528
15954593
15954594
15954601
15954660
15974376
16211191
16317933
16337059
16337084
16337102
16337111
16337201
16337211
16337279
16337538
16337602
16337764
16337963
16338106
16338139
16338140
16338236
16338259
16338313
16338357
16338368
16338443
16338814
16338944
16338958
16339045
16339108
16339169
16339172
16339193
16339348
16339570
16339649
16339780
16339797
16339852
16339898
16340198
16340289
16340405
16340408
16423152
16438793
16537728
16805220
16812552
16817051
16914905
17014200
17069166
17129839
17135233
17138343
17150333
17163920
17177447
17198541
17198629
17198718
17199346
17203741
17203785
17203808
17203973
17214669
17214734
17214840
17236674
17236801
17236803
17250133
17250244
17250624
17250696
17443633
17609813
17826260
17877794
17928554
18008449
18046232
18741831
18937758
18937895
18937978
18981367
18981435
18981442
19126079
19165833
19167581
19168978
19169012
19169013
19169133
19169155
19169218
19190556
19220798
19438152
19562494
19568520
19628918
19629016
19629238
19629388
19638358
19642342
19642347
19642441
19647570
19651307
19651329
19651416
19653486
19653489
19653544
19666590
19666594
19670118
19685234
19685292
19687498
19687505
19687517
19698749
19704422
19704470
19704489
19704490
19713783
19715911
19715947
19725265
19725354
19726126
19726138
19732099
19732164
19737523
19737569
19756012
19756040
19756052
19756080
19756126
19770562
19770598
19775896
19804368
20251287
20407698
20536649
20835905
20937288
21197165
21373901
21603284
21755977
21885302
21935119
22313322
22565410
22656629
22656636
22658669
22666976
22689344
22706651
22707887
22710849
22746187
22804429
22881335
22881350
22910229
22910249
23083278
23631676
23681095
23827553
24198815
24238041
24474928
25097234
25143119
25355197
25488904
25638622
25713654
25943959
26242519
26541977
26543093
26645083
26702787
26802317
26855088
26926066
26958045
26959986
26961106
26965147
26965274
26972134
26973663
26973719
26976148
26976222
26978790
26978803
26978806
26978879
26978950
26979752
26979768
26979775
26979786
27002377
27012154
27062246
27071018
27071142
27074510
27078296
27078305
27078323
27084686
27086938
27090021
27090065
27101899
27102014
27102026
27102042
27107251
27117541
27124277
27130453
27134651
27136968
27141527
27168049
27254091
27264107
27264117
27269932
27277413
27284122
27284152
27284167
27284211
27284273
27287924
27347383
27369674
27394195
27423386
27462388
27465355
27484463
27514740
27840884
27840924
27852639
27852641
27852668
27923352
27923403
27938584
27938607
27938630
27945256
28025911
28209989
28210264
28210368
28210457
28210535
28210854
28210930
28211920
28211991
28211997
28212043
28212320
28212379
28212788
28212861
28213333
28214313
28214701
28214779
28214926
28214974
28216066
28216595
28216674
28216692
28216862
28217044
28217059
28217063
28217178
28223561
28296484
28296559
28296688
28296723
28302291
28302354
28302355
28305212
28305324
28315761
28327059
28337726
28337783
28337981
28338230
28338298
28338307
28338423
28338425
28338449
28338524
28338526
28665347
28696476
28734997
28744356
28774869
29284132
29475196
29488165
29597947
29827623
29849170
30141021
30250573
30250594
30250595
30255347
30257555
30257560
30257598
30257646
30257652
30304938
30308902
30309016
30318549
30324530
30325569
30325585
30329141
30329728
30330451
30330724
30330783
30331867
30331935
30332911
30339120
30339234
30339314
30339427
30341805
30341891
30342933
30342992
30343003
30343646
30357122
30359100
30365162
30378836
30378881
30378938
30380059
30380157
30380183
30380323
30380359
30380560
30380662
30380774
30380903
30391544
30408670
30409731
30410674
30410738
30410791
30412997
30414400
30414793
30419039
30419228
30419315
30419319
30419357
30419406
30419463
30419535
30419544
30419555
30421054
30426073
30426398
30428748
30428786
30432872
30432986
30433636
30433876
30433891
30434481
30434534
30434694
30435835
30439103
30439213
30439310
30439335
30439440
30439441
30441775
30464794
30464866
30464878
30521529
30547243
30566498
30567941
30693612
30693657
30693759
30698597
30698746
30698748
30698781
30698874
30698953
30698998
30699046
30699085
30699137
30699537
30699557
30699637
30714699
30715078
30720834
30878364
30925928
30925949
30925976
30934032
30961350
30963448
30963545
31023569
31023605
31045482
31050817
31062092
31062096
31062175
31062246
31062275
31110503
31131195
31177511
31228350
31233994
31311767
31528217
31538277
31538329
31538358
31538461
31538588
31538682
31538692
31538704
31538755
31538769
31538811
31538865
31587517
31587597
31587620
31587677
31587793
31587855
31587859
31587871
31587954
31587963
31588676
31654504
31654638
31654809
31654830
31654917
31655108
31655114
31655154
31661691
31691792
31691830
31691986
31691993
31692044
31692103
31692173
31692277
31692339
31692346
31709460
31709502
31709679
31709691
31709703
31709731
31709740
31709826
31709847
31709885
31709935
31720884
31720887
31720905
31720911
31744041
31744062
31744088
31744127
31744163
31744266
31744287
31744310
31744365
31744391
31744440
31744456
31744473
31744474
31768460
31768462
31768471
31768483
31768494
31768538
31768571
31768609
31768745
31768847
31768848
31768894
31768921
31797851
31797919
31802603
31802629
31802631
31802724
31802759
31802768
31802871
31802879
31802880
31802913
31803054
31812750
31812763
31812772
31812828
31812905
31813016
31813052
31852450
31852575
31852582
31859574
31859583
31859612
31859655
31864090
31864098
31864114
31864263
31869210
31869268
31869280
31869286
31869349
31874201
31874224
31874240
31874311
31874335
31913980
31913981
31913982
31914013
31914019
31933451
31933511
31933526
31933587
31962649
31964797
31964889
31964897
31964907
31964916
31964993
31965059
31971070
31971075
31971103
31971187
31973525
31973632
31986063
31986078
31986081
31986096
31986097
31986163
31988796
31988853
32007677
32090908
32090926
32091061
32119309
32119310
32119447
32119495
32127470
32127592
32127596
32127638
32127673
32127740
32166175
32173677
32185352
32201822
32201835
32201866
32201951
32216253
32253365
32253453
32253468
32253513
32253539
32253611
32253629
32253722
32253751
32253761
32410582
32410597
32410600
32410695
32440540
32444485
32459897
32487354
32492757
32492761
32492816
32492846
32492855
32492871
32493056
32493062
32493120
32497674
32513665
32513673
32513810
32525073
32525392
32526647
32526668
32526707
32526716
32526755
32537308
32554852
32555000
32559322
32559367
32567575
32567583
32575261
32582413
32589886
32589903
32589925
32589978
32595777
32598228
32617784
32617946
32617970
32624197
32624208
32638387
32638550
32638601
32638642
32638679
32638801
32638955
32638963
32639168
32639197
32639222
32918294
33036248
33039603
33039622
33039718
33040893
33043732
33043815
33043879
33043982
33044071
33044137
33044619
33057464
33057587
33057720
33060587
33060747
33064135
33064753
33066527
33067165
33068473
33068981
33068997
33074233
33078683
33179773
33285300
33296950
33296987
33331166
33347045
33355876
33362464
33362489
33368259
33370956
33370974
33371086
33371123
33371135
33371225
33371240
33371295
33371442
33381040
33385186
33548822
33642808
33647140
33647160
33651136
33651162
33651297
33671300
33677042
33678992
33684022
33684104
33684144
33684177
33684234
33684296
33685280
33686912
33686957
33687314
33689199
33690119
33691527
33691546
33691710
33691718
33694195
33694224
33697576
33700426
33706601
33709439
33709719
33711053
33711066
33711077
33711126
33717053
33717682
33717877
33719461
33719496
33719695
33720051
33720097
33721642
33723126
33726265
33726326
33727758
33727781
33729129
33735605
33738971
33739037
33739048
33744913
33744932
33747784
33750842
33755763
33756681
33757947
33757957
33785175
33825695
33825866
33829932
33829993
33839969
33840048
33840099
33840150
33867408
33867447
33887315
33887355
33887483
33947780
33948010
33949136
33949151
33949208
33949230
33951068
33951132
33954602
33975515
33976523
33976547
33976578
33982163
33982286
33984477
34003354
34003387
34003504
34003786
34003892
34003930
34004111
34012040
34012088
34014214
34015767
34018745
34022588
34029016
34029195
34037273
34037356
34045675
34045773
34045830
34058146
34059352
34067401
34099124
34099164
34117134
34117932
34118057
34120893
34120989
34166297
34166343
34166395
34166467
34166479
34166480
34166525
34166630
34169318
34183884
34242678
34399401
34433051
34614250
34614255
34615977
34615987
34617239
34619126
34621124
34621138
34624976
34625012
34625019
34625037
34631133
34632925
34633004
34634991
34635228
34635364
34635542
34635731
34635801
34640719
34640722
34640780
34640788
34648942
34651793
34652113
34652167
34655448
34655545
34660489
34660525
34707868
34713388
34713412
34713474
34715699
34715702
34715713
34717606
34721474
34721524
34721527
34721704
34721724
34721782
34721888
34725178
34725898
34726019
34726083
34787294
34787312
34799215
34799217
34799244
34799311
34799322
34804538
34804587
34804630
34805013
34805023
34805078
34805193
34828050
34837699
34860613
34860677
34860712
34860833
34860839
34860894
34861096
34861154
34861199
34861300
34861304
34861335
34861360
34861444
34876538
34876833
34877903
34877958
34882188
34882197
34882218
34883618
34883639
34889665
34889691
34889697
34889723
34889727
34889834
34889888
34892724
34892844
34897113
34897131
34897194
34897281
34901217
34903140
34904697
34907023
34907024
34911575
34915515
34921869
34922034
34922076
34922117
34922171
34922515
34922544
34922610
34922639
34922664
34922804
34923117
34923207
34923219
34923291
34923747
34923959
34923980
34924118
34924145
34924148
34924167
34924455
34924550
34924589
34924631
34924793
34924844
34924863
34925036
34925145
34925199
34925223
34925304
34925445
34925564
34925627
34925742
34925753
34925765
34925936
34926000
34926043
34926260
34926737
34926818
34927047
34927157
34945595
34948695
34950609
34950699
34950728
34951673
34951808
34951831
34953618
34954601
34954602
34955839
34955866
34955922
34956929
34956964
34958343
34960634
34963513
34968105
34969609
34971474
34975816
34988898
34994303
34997018
35094847
35094848
35122462
35147182
35153814
35154307
35166600
35172139
35174690
35174759
35183493
35186204
35186272
35186290
35186357
35186414
35191586
35201281
35229027
35231038
35236435
35239562
35260418
35275907
35275914
35275931
35276270
35276274
35276312
35281421
35281472
35281496
35286801
35335204
35359935
35467471
35468399
35468568
35468605
35468912
35468965
35469168
35469193
35469209
35469440
35497732
35514749
35514772
35514862
35515333
35599128
35617648
35652239
35690786
35742799
35742802
35742817
35742938
35742947
35743088
35751842
35757846
35757881
35757894
35757915
35772734
35772977
35821608
35821680
35821791
35821821
35821849
35880072
35890409
35893925
35893935
35893950
35895879
35897393
35899059
36042189
36042225
36042579
36042666
36042808
36042994
36043001
36079653
36080276
36081024
36081793
36088638
36088664
36088670
36164771
36180986
36206814
36206912
36245198
36252998
36259324
36259336
36280376
36357861
36505354
36527799
36533662
36588180
36933683
37408491
37408530
37410477
37410480
37416145
37416199
37416208
37416230
37417981
37417992
37418008
37418174
37418301
37429436
37431137
37442467
37442552
37443349
37444517
37444661
37444696
37444697
37444929
37444936
37444937
37445160
37485062
37507544
37507547
37507740
37510186
37510224
37518467
37518581
37518590
37518679
37518706
37518760
37537097
37537164
37572667
37572696
37581071
37581084
37581086
37581189
37581243
37584306
37584314
37586746
37597876
37597909
37600149
37600167
37600174
37602755
37602814
37602869
37602905
37603028
37603115
37603196
37603245
37603426
37605260
37605264
37605312
37609633
37609666
37612248
37617436
37617513
37617534
37617630
37617631
37617723
37617724
37617888
37617929
37618095
37618180
37618248
37618285
37618302
37618346
37618348
37618506
37618530
37618626
37618711
37618740
37618758
37618876
37618896
37619820
37619897
37619914
37620846
37623532
37623565
37626080
37626109
37642318
37649372
37650343
37650373
37650536
37650538
37650574
37652606
37653782
37660314
37660401
37661405
37661527
37711224
37728869
37728898
37734516
37736448
37741308
37741909
37742046
37744709
37744825
37758481
37758516
37759957
37760073
37761364
37783913
37785364
37785400
37785511
37785538
37785612
37787615
37787619
37788641
37833307
37833506
37833570
37833588
37833633
37833809
37833864
37883374
37885287
37948710
37956263
38081480
38081500
38092123
38092173
38092195
38092201
38103316
38103452
38115689
38117039
38117180
38117308
38117474
38126537
38126554
38126657
38126664
38128931
38128964
38137321
38137354
38137465
38268859
38269173
38269241
38269357
38269440
38302543
38302677
38308796
38308844
38308855
38308911
38309028
38309112
38309113
38309118
38309272
38309286
38309301
38309321
38309377
38309459
38309512
38309612
38309619
38309678
38380423
38390173
38390220
38390226
38390277
38390419
38390425
38390444
38427828
38437907
38438006
38439571
38439640
38439718
38444808
38444835
38444881
38455936
38459589
38459619
38459701
38460514
38460515
38460524
38461106
38461157
38466355
38491095
38494273
38495267
38495271
38495285
38497010
38497065
38498337
38498339
38498340
38498381
38504998
38516875
38516908
38520947
38523134
38525356
38528987
38529255
38531976
38533064
38533201
38536402
38537924
38538018
38538199
38538291
38538319
38538417
38538423
38538429
38538579
38538897
38558042
38558065
38559333
38560797
38560824
38560866
38563639
38563686
38563725
38564544
38567985
38568009
38568252
38568259
38568262
38570309
38572579
38572591
38572650
38573778
38573817
38573848
38599958
38600106
38600581
38600601
38604686
38605694
38612916
38657421
38740824
38865388
38865433
38878590
38878599
38884218
38884304
38884314
38884440
38884577
38884652
38884713
38884757
38932778
38934599
38966635
38997701
39086835
39086965
39087303
39246262
39284298
39325234
39492405
39492443
39493232
39493285
39493316
39494487
39528416
39528454
39528455
39555810
39579012
39671199
39671271
39671449
39671475
39671476
39671497
39671862
39671863
39672002
39672003
39672193
39730258
39755607
39774495
39774538
39775468
39775558
39775589
39852551
39947586
39947608
39947670
40007704
40056423
40157745
40173528
40186202
40186746
40186796
40186797
40190405
40190408
40190427
40190504
40193596
40194787
40250622
40250766
40291740
40380249
40425464
40465178
40465534
40469520
40547507
40547555
40550396
40550428
40550526
40550534
40551877
40551887
40551898
40551942
40551944
40552173
40552281
40552338
40552341
40552362
40553718
40553733
40555232
40555274
40558968
40559098
40559109
40559229
40559266
40559272
40559274
40559274
40559282
40559329
40566665
40568453
40568765
40568771
40569035
40569102
40570737
40570769
40570830
40570998
40571141
40571163
40571226
40571246
40571259
40571277
40571413
40572186
40572282
40572286
40572304
40574305
40574434
40578068
40578076
40590198
40590432
40601259
40601323
40604205
40610511
40619680
40619757
40630448
40630474
40648108
40650670
40667811
40670460
40686322
40720262
40720485
40720494
40752359
40763704
40763754
40765131
40765146
40768912
40777899
40777900
40778025
40778153
40778182
40778280
40778305
40781863
40781985
40782017
40782203
40792696
40792722
40794933
40794938
40794945
40794993
40795054
40795107
40795214
40795320
40795346
40795408
40800199
40800301
40800348
40800371
40800373
40817430
40823836
40823846
40823902
40823915
40823969
40823981
40871809
40871810
40883608
40883646
40883668
40883671
40883673
40883676
40883734
40969605
40969620
40978260
40981516
41032740
41032816
41032926
41032980
41033333
41033345
41101029
41118178
41123301
41137457
41137507
41137545
41137563
41137566
41137635
41137687
41137689
41142892
41142932
41142996
41143018
41143070
41151092
41151122
41151163
41151166
41151203
41160099
41165462
41165466
41173190
41173222
41173282
41298572
41363778
41385121
41415044
41416066
41416119
41416163
41427615
41427767
41447058
41450656
41450777
41450854
41457598
41457618
41459205
41465664
41465793
41496241
41518401
41559182
41561045
41561063
41648091
41648111
41668074
41684090
41684167
41710046
41711016
41711192
41719738
41725407
41725503
41725579
41725625
42046981
42064785
42174960
42511918
42551141
42551183
42551215
42551419
42551425
42551626
42596837
42647372
42647426
42662259
42694870
42694921
42717639
42717662
42718952
42719011
42720579
42720617
42729035
42729117
42735622
42735719
42735754
42748864
42748889
42748934
42748935
42748952
42749021
42749050
42749081
42752030
42754349
42754354
42754483
42762528
42767133
42769619
42770878
42770896
42771237
42774049
42775178
42775221
42778839
42778854
42780068
42803977
42807881
42807955
42809025
42811635
42811732
42813706
42813714
42813771
42815731
42817422
42817930
42818018
42818050
42818062
42821196
42821222
42824579
42824602
42824606
42824646
42830468
42830529
42830597
42830623
42830660
42830677
42830687
42830688
42830696
42838091
42839661
42840394
42842623
42842707
42842713
42842715
42843734
42843810
42845243
42845313
42845366
42848546
42848560
42848835
42851157
42852422
42852435
42852497
42866296
42866297
42866301
42866328
42866388
42866399
42866423
42866439
42866468
42866529
42879909
43161030
43161057
43161252
43161345
43161357
43161468
43161469
43161813
43161877
43162110
43162150
43162155
43164137
43164198
43166750
43166771
43166793
43171272
43171350
43176744
43176830
43176894
43187113
43187146
43187167
43187195
43218468
43221477
43221483
43221699
43221797
43222889
43227915
43230630
43230703
43231191
43242347
43246336
43246366
43254623
43255606
43256665
43256687
43258052
43259761
43259906
43259911
43274690
43274693
43274798
43277279
43279273
43279329
43281673
43281687
43281688
43281767
43282050
43282090
43282108
43291618
43291623
43291641
43291711
43298846
43299443
43309411
43314865
43319113
43319180
43319425
43321763
43325863
43327056
43327167
43327197
43327810
43338260
43338302
43339049
43339099
43342131
43342181
43354828
43362269
43362295
43362322
43411171
43411181
43411273
43411548
43411551
43411632
43412047
43412074
43412640
43412667
43412705
43412786
43412848
43412853
43412869
43412988
43412991
43412993
43413110
43413219
43413451
43413459
43413509
43413515
43413553
43413579
43413631
43413651
43413731
43413823
43414007
43414048
43420555
43459172
43496247
43496273
43496282
43496305
43496329
43496339
43496358
43504194
43504211
43504241
43504269
43504286
43504298
43505436
43505500
43506695
43508467
43508479
43508507
43510427
43510514
43510560
43513989
43519065
43519102
43519168
43519254
43519273
43522387
43523854
43523941
43524018
43524044
43524057
43524189
43529652
43529749
43529776
43529797
43529810
43531008
43531009
43531041
43531076
43531085
43531325
43531494
43531553
43531632
43531651
43531659
43531669
43531731
43531807
43531808
43533094
43533797
43533858
43533913
43535986
43535988
43535989
43536014
43539245
43539287
43539293
43541198
43541204
43542975
43543058
43543114
43543193
43543261
43546473
43546483
43546509
43547117
43547135
43547147
43547165
43547255
43547319
43547787
43547856
43547873
43547927
43557584
43557627
43557662
43557698
43557707
43557719
43557725
43643100
43645788
43645809
43676368
43676387
43679554
43680106
43697009
43701977
43704671
43707101
43708059
43708097
43708422
43708430
43708431
43714813
43733628
43735471
43735474
43735492
43735529
43767595
43767667
43767723
43770023
43770100
43771005
43771060
43783418
43783460
43786532
43786540
43786554
43786574
43792873
43792920
43795829
43795863
43795896
43796684
43800232
43800317
43802325
43803167
43803209
43803308
43804102
43805593
43808545
43808546
43808567
43808611
43808627
43809043
43809044
43809080
43809089
43809092
43809121
43809148
43810080
43810084
43810096
43815488
43824076
43824106
43824136
43829605
43829652
43829693
43829694
43829717
43833209
43833280
43833520
43833608
43836186
43836390
43836685
43838643
43838679
43846875
43852246
43857602
43857670
43862575
43863427
43863441
43863447
43863456
43863475
43864713
43867225
43867288
43867290
43892894
43892939
43892951
43896015
43896026
43896029
43896143
43896152
43896155
43897401
43897445
43897478
43897491
43902841
43905850
43906573
43913135
43913146
43913159
43916286
43938613
43954850
43955644
43963652
43979131
43979159
43984848
43984901
43985955
43987080
43988459
44000456
44088631
44106332
44117586
44117632
44119084
44119120
44124432
44151969
44151970
44152004
44171260
44171278
44171282
44174105
44179112
44182287
44182290
44182344
44185492
44185600
44188249
44188320
44189166
44189172
44189185
44189216
44189277
44189283
44190901
44192574
44192622
44270175
44270215
44270229
44270242
44272374
44272382
44272389
44273813
44273858
44275814
44275829
44279813
44293744
44299536
44299573
44299604
44313454
44317065
44317091
44317156
44323412
44323430
44323435
44323490
44323720
44323814
44323948
44323957
44324077
44324150
44324233
44324329
44324365
44324372
44324388
44329111
44430219
44433203
44436177
44437079
44437106
44438248
44438266
44445292
44448718
44473972
44474003
44478311
44478497
44478947
44478972
44479029
44479340
44480591
44480624
44483098
44483161
44483184
44485379
44485388
44486400
44486404
44486410
44486429
44486463
44486521
44488631
44488639
44488720
44492158
44492171
44513306
44589259
44589363
44589882
44589926
44589929
44592203
44592332
44734007
44768562
44836770
44836800
44838324
44838331
44838346
44838413
44839075
44839263
44839272
44839758
44840147
44840205
44840224
44840296
44841264
44841919
44841920
44841923
44845968
44846016
44865282
44897977
44949684
44949704
44949729
45012139
45033827
45050305
45053195
45053268
45064182
45064211
45064230
45079654
45094568
45096136
45096738
45104489
45107562
45107766
45107963
45108044
45108098
45110194
45110316
45111329
45111383
45152500
45157222
45163611
45163667
45166002
45166005
45170394
45172453
45175603
45175604
45181571
45194199
45194586
45194641
45209559
45211240
45211298
45213204
45217426
45217539
45217803
45217930
45217936
45217973
45217979
45220407
45220474
45220483
45222239
45222254
45223398
45223524
45223629
45231929
45232303
45232322
45252838
45378041
45379653
45379716
45387890
45390557
45391272
45432394
45448828
45457687
45458778
45483543
45483598
45483656
45494879
45497669
45499479
45500024
45502709
45502779
45502809
45502844
45502870
45502929
45502958
45503121
45503139
45504077
45506646
45506743
45506819
45507663
45507731
45507783
45509771
45509786
45511880
45511904
45513974
45523258
45523326
45528919
45533653
45533696
45533720
45534069
45534552
45534582
45534630
45534638
45535194
45535239
45535681
45537786
45537819
45537821
45538679
45538685
45540353
45540525
45540526
45540609
45540962
45542072
45542141
45542226
45544442
45544443
45544445
45544526
45544547
45544573
45545973
45545991
45546795
45547911
45547966
45548208
45548209
45548216
45548437
45550459
45550464
45550493
45550499
45550544
45553596
45554021
45555961
45557079
45557090
45560145
45560939
45563187
45563206
45564748
45564766
45564775
45615023
45615561
45647421
45649666
45649714
45649778
45649924
45649954
45649969
45650008
45650008
45651274
45651319
45655236
45656774
45656782
45656849
45656920
45657060
45668924
45670770
45670790
45674582
45675997
45676010
45678440
45678537
45678591
45679330
45679389
45679399
45679486
45679565
45681109
45706476
45706895
45707010
45707457
45707474
45708237
45708249
45708278
45708288
45709153
45709626
45709642
45709656
45709680
45709686
45710778
45710779
45710960
45710999
45711006
45711080
45712240
45712258
45712977
45713715
45714294
45716269
45725746
45732896
45732905
45732989
45732999
45733867
45733894
45736137
45736185
45742889
45742944
45742946
45743688
45744467
45745065
45745116
45745940
45746067
45746102
45746611
45746614
45746717
45750089
45750380
45750713
45750725
45751726
45751743
45751766
45751772
45751814
45751822
45751826
45751873
45752939
45752949
45753117
45757500
45770725
45773590
45773615
45773663
45773721
45773726
45773729
45783999
45784023
45784090
45784149
45784164
45786650
45786670
45786709
45786767
45789078
45789156
45795728
45795763
45795782
45795812
45795877
45797656
45798896
45798932
45799017
45799018
45802616
45802620
45802622
45810795
45810817
45811343
45811411
45811438
45815307
45815331
45815370
45815372
45815397
45815425
45817727
45817758
45819277
45819296
45820172
45820196
45821582
45821681
45821751
45821752
45825103
45825799
45825817
45825819
45825855
45826543
45826571
45826588
45826647
45833794
45833815
45833821
45833849
45833864
45837837
45837892
45838281
45838333
45838383
45838405
45844751
45844780
45845568
45845595
45845616
45845620
45845651
45845661
45845699
45846544
45846576
45846577
45855040
45855045
45855054
45855079
45855099
45856953
45856958
45856987
45856989
45859001
45859013
45859017
45859043
45859048
45860714
45860766
45861629
45861645
45876660
45876693
45876716
45876784
45876852
45876920
45877121
45877228
45877269
45877287
45877291
45919697
45919761
45924741
45929090
45929146
45929160
45929268
45941804
45945534
45945648
45945704
45947151
45947183
45947218
45947285
45947381
45948364
45948365
45948385
45949798
45949803
45950970
45953692
45953695
45953745
45953746
45953755
45953767
45953773
45959280
45959292
45959298
45959312
45959325
45959391
45959436
45959453
45959556
45959559
45959619
45959727
45959830
45959918
45959953
45960009
45960012
45970620
45970621
45970755
45970758
45970760
45970760
45970771
45970783
45970835
45970920
45971141
45971152
45971299
45971307
45971335
45971335
45971348
45977973
45977994
45977995
45978000
45978090
45978168
45978180
45978372
45978445
45978514
45987736
45987802
45987803
45987821
45987884
45993666
45993673
45993675
45993727
45993990
45994017
45994249
45994324
45994335
45994488
45994737
45994801
45999669
45999908
45999918
46000124
46000239
46000284
46000367
46000398
46000439
46011315
46011330
46011414
46011430
46011432
46011622
46011708
46011737
46011764
46012006
46012011
46012035
46012236
46012259
46012266
46012301
46012320
46012349
46012358
46020527
46020594
46020628
46020721
46020817
46020907
46021234
46021279
46021335
46021341
46021414
46021479
46021546
46021557
46021624
46032083
46032087
46032094
46032204
46032305
46032400
46032411
46032417
46032426
46032466
46032637
46032642
46032769
46032783
46042282
46047096
46047105
46047173
46047174
46047200
46047204
46047243
46047258
46047494
46047512
46047633
46047686
46047762
46047779
46047857
46047863
46047888
46047920
46047925
46047932
46047952
46047962
46057387
46057391
46057548
46057625
46057650
46057656
46057666
46057680
46057711
46057720
46057766
46057804
46057806
46057854
46057921
46057999
46058043
46058044
46066382
46066385
46066481
46066494
46066554
46066568
46066682
46066823
46066886
46066968
46067036
46067081
46067084
46067195
46067225
46074342
46077919
46077946
46078032
46078062
46086377
46086407
46086457
46086470
46086488
46086521
46086639
46086643
46086719
46086787
46101860
46101879
46101933
46101934
46101939
46101950
46101960
46101993
46117123
46117243
46117285
46117553
46117738
46117792
46117823
46117826
46117840
46131386
46207908
46226897
46226910
46228930
46276177
46281135
46281170
46285310
46306709
46308638
46308755
46309312
46309895
46309980
46311676
46311770
46311778
46311816
46313371
46319051
46320235
46320279
46320285
46320323
46320327
46321407
46321586
46323421
46326844
46326847
46326929
46326999
46330269
46354175
46354750
46354908
46354975
46363680
46363734
46376528
46380068
46386993
46387078
46393122
46393149
46396605
46564563
46596073
46604922
46624434
46624486
46629590
46685470
46685550
46687413
46687469
46687542
46687595
46689763
46689795
46689813
46689919
46696976
46702264
46702319
46703410
46705617
46705748
46705827
46768530
46852242
46852824
46875500
46875575
46875586
46875623
46875683
46875775
46875817
46875874
46875946
46875959
46875961
46875982
46876004
46876045
46876226
46876306
46876669
46876732
46888225
46888290
46888344
46888401
46888500
46888545
46893848
46895394
46895427
46896338
46896386
46898244
46900062
46900701
46902721
46906833
46907409
46910210
46912464
46912605
46912627
46913477
46914788
46914829
46916964
46923934
46923942
46924434
46924451
46925127
46925280
46925771
46925797
46925806
46927500
46929331
46929372
46930092
46930138
46930147
46930155
46931094
46931109
46931121
46932115
46932143
46932212
46932257
46935756
46935784
46935976
46945682
46945774
46945859
46950774
46950811
46950823
46950864
46957793
46957794
47250294
47333895
47349862
47361589
47402620
47402652
47404223
47404302
47404304
47404305
47407399
47410274
47410319
47410331
47410351
47410378
47410727
47410740
47410932
47417303
47417436
47418011
47418063
47418347
47419073
47419100
47419606
47420725
47421947
47421960
47421963
47421968
47422538
47422614
47423040
47423389
47423475
47423482
47423556
47423640
47423649
47423661
47423697
47423706
47423715
47423716
47423808
47423869
47445791
47531510
47531965
47532006
47532049
47532093
47532121
47532203
47532223
47532276
47532288
47532312
47532345
47532405
47532456
47533977
47535816
47535889
47536717
47538541
47538960
47541477
47541500
47542052
47542422
47542443
47542483
47544599
47544613
47545731
47545768
47545899
47545962
47545972
47546061
47546080
47546139
47548825
47549115
47549283
47549363
47551859
47551909
47551934
47551964
47552005
47552006
47552011
47552014
47552029
47552089
47552155
47552191
47552201
47552209
47552264
47552288
47552299
47552300
47552323
47552333
47552341
47552350
47552386
47552389
47552392
47552401
47552404
47552423
47552431
47552449
47556882
47556900
47556920
47556936
47556984
47557244
47558501
47558507
47558528
47558529
47558552
47558559
47558810
47565371
47566189
47570047
47570399
47570433
47571485
47571510
47571632
47571638
47571880
47572902
47574090
47574109
47575341
47581371
47581423
47581435
47581508
47581835
47581866
47581949
47581952
47581961
47588233
47588365
47602691
47610285
47611799
47612508
47612517
47614418
47614469
47614528
47614553
47626586
47626630
47635176
47635631
47635667
47635686
47636334
47636418
47639392
47639417
47641777
47641788
47641794
47642578
47642625
47642626
47647560
47648436
47655294
47655327
47656700
47656711
47656751
47660749
47660803
47660867
47662446
47662759
47662815
47663396
47663439
47663516
47664892
47665023
47665033
47665086
47665086
47665114
47665116
47665121
47666226
47666239
47666700
47666744
47666788
47671444
47674355
47674378
47674442
47674751
47681251
47684061
47685242
47685285
47685317
47685961
47685968
47686037
47686968
47695129
47695220
47697606
47699982
47703705
47703734
47703746
47704015
47704053
47704152
47704179
47704203
47704254
47704339
47704399
47704461
47704624
47704806
47704848
47704858
47704896
47705087
47705089
47705091
47705119
47705191
47711344
47711368
47711383
47717486
47717493
47717537
47731391
47734659
47734777
47734780
47735390
47735449
47738035
47738093
47738110
47738111
47738114
47742595
47742642
47746375
47746409
47746480
47752496
47754510
47754541
47754549
47754588
47754614
47754665
47754666
47766046
47766113
47766660
47766712
47766840
47767371
47768933
47769074
47771436
47773029
47773080
47773177
47773937
47775389
47775425
47775491
47776985
47777008
47777063
47777106
47783487
47783504
47783806
47783815
47786524
47786755
47786950
47787002
47801610
47805838
47805891
47808673
47808679
47808772
47808842
47809153
47809222
47809241
47809254
47810597
47811153
47811214
47811217
47817184
47817185
47817247
47817307
47817316
47817958
47818000
47819594
47819694
47821517
47821583
47821588
47821619
47821621
47822309
47822397
47831217
47831240
47831464
47831550
47831601
47831655
47831667
47831697
47831758
47831845
47831941
47832788
47832836
47832881
47832901
47836027
47836090
47836109
47836122
47836206
47836236
47836395
47836403
47836448
47836466
47836571
47838112
47838153
47838173
47838182
47841899
47841941
47841977
47841989
47842018
47845824
47845862
47845865
47845874
47847560
47847619
47847674
47848269
47848448
47848459
47848466
47848503
47850107
47850484
47851424
47851636
47851638
47851753
47851779
47851809
47851951
47852024
47852049
47852080
47852085
47852151
47855818
47855893
47855989
47855995
47856021
47856909
47858224
47858248
47860054
47860964
47862435
47862447
47862525
47863729
47863757
47863853
47864633
47910542
47917047
47918545
47918578
47918621
47918662
47924334
47929238
47931401
47931423
47931446
47949017
47952128
47954061
47954567
47957186
47958399
47965143
47965873
47965909
47966820
47966843
47966871
47969787
47969809
47969827
47970540
47970580
47970643
47971556
47971564
47971624
47971652
47974182
47974202
47976322
47977575
47986496
48017197
48022230
48063447
48063469
48063476
48064203
48064382
48064386
48071722
48071891
48078638
48078681
48078825
48081808
48081847
48108278
